0.062866,
15.917358,
11.030884,
15.228882,
11.314697,
15.133667,
3.099365,
3.972168,
7.935791,
3.634644,
1.766968,
17.688599,
10.947266,
2.152710,
3.435059,
1.364136,
12.827148,
0.960083,
4.176636,
16.126099,
12.152100,
8.441162,
16.503906,
1.439209,
9.524536,
15.802002,
17.741699,
2.486572,
7.919922,
8.541870,
18.125610,
18.376465,
10.569458,
5.298462,
6.750488,
16.794434,
19.505615,
14.708252,
3.498535,
10.722656,
7.901611,
10.895996,
15.065308,
2.856445,
9.318848,
18.225708,
3.214722,
13.343506,
16.998291,
5.929565,
3.385010,
16.463623,
16.314087,
3.247070,
1.773071,
1.881104,
3.514404,
15.698853,
9.014282,
6.094360,
13.881836,
13.114624,
18.598022,
9.702759,
12.424927,
10.046997,
8.126221,
6.119385,
10.240479,
9.190674,
11.553955,
17.356567,
19.662476,
8.438721,
0.529175,
2.503052,
11.323853,
2.187500,
2.960815,
14.524536,
6.260986,
17.538452,
16.933594,
11.007690,
6.175537,
15.991821,
8.108521,
14.474487,
14.995117,
1.288452,
8.715210,
7.894287,
14.837036,
3.995972,
6.276245,
1.013184,
9.520264,
3.487549,
0.181885,
13.129883,
